# Created by Octave 3.2.4, Mon Feb 13 23:24:27 2012 EET <andrei@andrei-xps>
# name: points_ok
# type: matrix
# rows: 172
# columns: 3
 -1.037227198877549 -0.3095300935830159 -1.677903285168489
 0.2393509661409086 -0.5697050066447538 -1.73792184662669
 0.3336832295197789 -0.7837159373946838 0.3862160601071616
 -1.550433391933176 -0.708234750421102 -0.082975883240479
 1.104826227500639 -0.3033956860696063 -1.444338281768635
 -0.1568325572663236 -1.41259094551031 -1.287306831571801
 -0.8477280307901969 -0.9563056111251169 -1.149061631463175
 -1.668874936247878 0.1630990416969857 0.05629422242026161
 -0.2235243160878213 -1.92949299464274 0.1302326229182813
 0.3059501538844387 -0.4109012420374378 -1.367368310761947
 -0.3889837195121186 -1.435776320027136 0.3327840975767198
 0.4840320216602985 0.363313592308375 -1.088434100629399
 -0.9033003795838701 0.6874925315770879 0.6128484065889053
 0.8562796184721693 1.599167742617507 0.4185525239161323
 0.639920522249585 1.305658789123533 -1.250869784991866
 -0.6751777991859693 0.2846761677514631 -0.696093870107408
 -0.2424561652545953 -1.960683745471832 0.1734885631770693
 -0.3451157096065904 0.9108462881597781 -1.169245834336514
 1.577675841638773 -1.048148626506348 -0.5657210677795084
 0.4932538739791821 -0.7917582296731458 0.5638754584749908
 1.027643270795404 1.148332614187227 -1.113218339578535
 0.154672237970813 0.1595624369694724 0.5995054542053491
 0.317357822499488 -1.382619677873203 -0.3662850191732556
 -0.9746485587197109 0.36751240344437 -1.263145466933649
 0.4776933579993656 0.5428512162727892 1.811403401203118
 -1.434392752353982 0.4405024888603899 -0.07859580925101572
 0.7933715195894968 -1.159442440496932 0.9145427608990171
 1.645217333480521 0.4267892928510197 0.8400423199383331
 0.5387832410777311 -0.3561437386405439 -0.8360231730074206
 -0.8116546828236444 -0.4415813620257987 -0.5641780544801038
 1.351727716609453 -0.7991736380929406 0.9946022133518988
 0.3859948909165696 -0.5235870315788904 0.3484411797797398
 0.5979001321103974 0.5938873568144007 -0.2365640802353608
 -0.08162061645607088 -0.5795446812360152 -1.200693093306835
 -0.9615084551071116 -1.556225189391937 -0.7590179116013462
 -0.5686315488366771 -1.088470658112301 -0.8750368628567669
 -1.860190781416337 -0.1071052706930906 0.4599389742888258
 -0.5684136581077543 0.9616831247689572 -0.6813278445429829
 -0.6284084352595178 -0.8882476661753202 0.3699933732012854
 -0.3282384773416098 0.9563628074268262 -0.3917580522917394
 1.841887332839887 0.1204718765026382 -0.6508893088321306
 -0.5382929745542053 -1.011795392505439 0.0105167359932814
 0.0790851762251954 1.498242592696208 1.026437550814296
 -0.1897908070106469 0.8385735705544595 1.52212544547529
 -0.5786740183922061 -0.559670990352086 -1.674634681128895
 0.1728655754765254 0.8167122534124611 -1.41971034437107
 1.001900592569549 -0.6347374609641314 1.566450988929278
 1.773945686989643 0.2502710641977304 0.08455410319151957
 0.6516011483691457 1.434717684113456 0.3438769133169521
 -0.5738455109871536 -0.9347752132297098 0.226443572815286
 0.2284467148278906 -1.213846434010623 0.5796080096872269
 -0.2716646524465778 -0.3148898418176687 -1.712342515952713
 0.08566181998843003 -0.9602497237176009 -0.7447636661471917
 -0.1485007559381819 0.3885303547589118 0.4115853044942028
 -0.3913733390401732 0.2678137501784623 1.390076019721964
 -0.1182844807186665 -1.090908261723696 -0.8884862361260442
 -0.8375803762523282 -1.188815271538431 0.9448811293555379
 0.3036801836338854 0.8671137494481909 1.249795148714108
 0.8021419409863184 0.3001763051672088 -0.7997122262881986
 3.213008017083167 4.321910708221791 3.355588171158957
 3.356321196045652 1.424306775622039 3.591525470034518
 2.321546775821857 4.177201021575265 3.083010842791849
 3.240429209961654 3.000765852662732 2.307587416877219
 2.086745878735765 1.680851091741867 2.167005169867027
 3.996307871428105 4.250236958077176 2.501806038146815
 3.890640426735757 1.663872290521485 1.993160367083325
 4.189517041271772 2.307106824034379 1.709111210058283
 3.580222793937502 3.982034936514883 3.974384875884841
 4.029257681805964 3.545213710590466 3.758613372807459
 1.781733815372599 3.294522796830891 3.194853928412067
 2.597243053938128 3.235682666020879 4.682228133215867
 1.814762577249314 3.253049255649946 1.81789086625766
 3.046361276248141 2.402016074834044 1.229414568270237
 1.451489663049562 3.326602837696574 2.706380221473505
 4.285813169605381 2.109304597854043 3.964120796866382
 3.36243769560495 4.136953116591704 4.525051780123713
 3.559051998430186 2.008341437698999 4.617205377032509
 3.818488179863686 1.865061433996959 1.742546425119033
 1.731583071265714 1.8476757032204 2.419562472818058
 2.669532589604659 2.680585169037923 4.619034453325146
 3.915613474566582 3.48628169964798 3.517526749188097
 3.527360062466775 3.10804838841351 2.783546191000799
 3.112511079924325 3.972977904849263 4.163101456780252
 1.445671897852925 2.935785907702867 4.250609126748026
 3.191029814284859 2.8265613552797 1.119649279907973
 3.695122267074537 3.910010174222084 2.316778309602619
 4.124007038637441 3.433228202732408 2.997412440574066
 4.066046927298145 4.513851995328204 2.553439982857022
 3.227938116020613 2.351271682679312 2.827768856499572
 2.214967196362669 3.709290789531445 3.930269780226177
 3.236791436945673 2.081885464320941 3.530921429803846
 3.384844016091884 4.367778404302424 2.579909308437458
 1.93388300008558 1.635142292502402 2.423231101686096
 1.921899867509764 3.333524751143291 4.341383368876046
 1.391644417647468 3.323758466779002 2.254186809361661
 2.987571033558826 2.473411832812151 1.772948405598907
 3.661758378350833 4.568351044112451 2.530136935920653
 3.898500972009116 2.740773316015197 3.139618325145635
 3.169206837655349 2.611432445860974 1.754365909675849
 3.112429955054677 3.431223324816352 3.230736760956119
 3.04329241296238 2.792575524667321 4.783422237426229
 3.22320045408377 2.01235494522244 1.587969079185866
 3.706723439608883 2.996594004885164 4.779572464733413
 3.415103065748145 1.540830599406805 3.724903551690176
 2.886232282114319 2.162124454860542 1.676066482568621
 3.930163666851972 4.39084590736107 3.10747578106981
 1.514921280813649 4.282654252891459 2.832905161523397
 3.225030013430378 4.541551619752747 1.887840079818838
 3.570613022963391 2.588023479388554 1.441815643250489
 2.954405507949559 2.332267809105907 2.948416815851718
 2.738023831379831 3.801549858443925 1.312781623736745
 2.011337285125443 2.371318040934821 2.046728567888342
 2.716755562387739 3.379820945432337 3.018488710479371
 -3.42957684345977 -3.108033955489194 0.2728052685238613
 -2.703955722410719 -2.886772084438561 1.351746767215455
 -4.585576008993364 -4.107668882926354 -0.196728968709279
 -2.215129482576815 -4.247473951986888 -0.357299040915626
 -3.292016943517915 -2.699752504323702 -1.739179433796728
 -3.87673636485044 -3.910606333273791 -0.06064247877539786
 -1.988807480204481 -2.772627066020645 -1.111666987138338
 -4.011631449423145 -3.00258968453719 -1.372126235723234
 -3.800097030241345 -3.35868037849535 -0.1590283728397079
 -2.516057909102181 -4.838254866460174 -0.2598951661880726
 -3.667198967660794 -1.730630361049152 0.122766105618894
 -1.470044501897727 -2.285302555123868 0.5913117142046511
 -3.129400117281849 -2.416875085697373 -0.3883161055101427
 -4.392230210232172 -2.350057144738837 0.632647469111618
 -2.404844708031575 -3.207065395545188 -0.9825651020919135
 -2.568174249611223 -4.528258820419911 -0.6272169679056117
 -2.812018262309019 -4.765712583307203 -0.3266121348900966
 -3.670727493692286 -2.897917571420989 0.1990849478962518
 -3.192503868214962 -3.126728173638061 0.5069591621133869
 -4.107332488059594 -3.100509277413159 -0.4473302813735904
 -1.317993949555198 -3.586796520014718 -0.08529142948633273
 -1.316655323653686 -2.290512526270669 0.6494602874062227
 -3.492421091562411 -1.477469124081192 0.1805052398955396
 -2.228988259466227 -3.249219668895354 -0.2886849145872528
 -4.34599215928414 -3.106389541764768 0.322152523994987
