# Created by Octave 3.2.4, Mon Feb 13 23:24:26 2012 EET <andrei@andrei-xps>
# name: points_ok
# type: matrix
# rows: 53
# columns: 3
 -9.52894897940141 -10.15593814291017 -9.283381940231537
 -9.962094979092388 -10.32200563806253 -10.56967054905636
 -9.980611760930142 -9.228329055915507 -10.54792452855151
 -10.80893890462245 -10.0485234536614 -9.434243513858849
 -9.59348967844895 -10.19928257596188 -9.268704267926422
 -10.13615282520244 -10.65462857230913 -9.646786280023438
 -10.57347743217783 -9.9634572435221 -9.617467148972175
 -9.651598757043677 -9.173998910911031 -10.18304836093035
 -10.74522690115834 -9.465371837154258 -9.603893110448436
 -9.144634088242048 -9.87075836879122 -10.40263447582024
 -10.04040598196753 -10.47363786084265 -10.4110421826814
 -10.65430576330033 -9.471345168697464 -10.42632919758709
 -9.020881674800096 -9.869660279959332 -9.996473780759656
 -9.864145489917355 -9.320963517310727 -9.730616294807092
 -9.455760097635714 -9.362704096440913 -9.893965363235059
 -10.60574010437404 -9.523905191406296 -10.26747365798428
 -10.24927252229 -10.60316427043612 -9.308600605523379
 -9.161035297689038 -9.903635133073701 -10.1303675620358
 -10.78571196180742 -10.29731218949228 -10.50223993548992
 -9.981633570701527 -9.3642219488754 -10.25689996514241
 -9.808827707293915 -9.127802849797298 -9.893011076289975
 -10.11501654038513 -10.43963012886722 -9.441480769087642
 9.647954928874819 10.36387404502634 9.873382625500591
 10.23755084981258 9.825800079065202 10.70103640377083
 9.452878444507327 10.63443217984836 10.24058123857764
 9.878789754884551 10.02628091095729 9.790933335334202
 10.2566756214685 9.904881128237157 9.741166262517362
 9.565643009221256 9.553837350233463 9.661233121686568
 10.23458322944227 9.720628068038669 9.733949752314876
 10.09397307382062 9.386003439982789 10.64696765694093
 9.898300609039786 9.47277467861576 10.24444273191723
 10.57137940378321 9.940898821080841 9.680629477240071
 10.23670565061176 10.50593537468247 10.25274062444716
 10.36376782974209 10.64566195181892 9.436462618476574
 9.6140530867325 10.08709142941127 9.900868619491046
 9.771857038097117 10.00937428199311 10.37017944320773
 10.35575193848344 9.53877490593351 9.48050386748031
 10.06225376306899 9.774692689112467 9.484684314735711
 10.48413050500392 9.616112399408452 9.620130832305534
 9.88706139234494 9.28167179559656 10.52947713565098
 10.34669942467106 10.42983505487834 10.18085482370581
 9.241772277673544 10.25127542724153 10.32058182610485
 10.59551046015241 9.495556335966963 9.899687594922607
 9.902248154587442 10.25581757393528 10.479876148527
 10.31047060375931 9.87384412457379 9.996402706614713
 9.515834002610873 9.343515426075664 10.38920829438128
 9.560887805537822 9.849738575931108 9.645775697850787
 9.791679453211561 10.22430781784872 9.092530931645888
 10.29659279805856 9.563930811017322 9.414447765386461
 10.43935240220533 9.397251148434826 10.1514525207639
 9.557157012061825 9.347661373934773 9.425376185305392
 9.856091238605453 10.07778103421042 10.29314575735062
 9.980964702540053 9.82462287034231 10.30786091406225
# name: centroids_ok
# type: matrix
# rows: 2
# columns: 3
 10.00027646660048 9.878189132368828 9.967308749297317
 -9.993995955385532 -9.856376201563576 -9.946193389383769
# name: cost_ok
# type: scalar
38.23858083266528
