# Created by Octave 3.2.4, Mon Feb 13 23:24:29 2012 EET <andrei@andrei-xps>
# name: points_ok
# type: matrix
# rows: 495
# columns: 3
 1.626896259877963 -0.2380195901869707 1.837651988186348
 0.316090680426339 0.5482452519656862 2.900671329334458
 0.7457147609385586 -2.130840702253932 1.422828816857892
 -0.9408760959620309 2.145680140945563 -0.8391953405575773
 -1.18411035578594 1.206802909036535 0.5070866308695381
 1.208956806146104 -2.59950277202198 -0.001873133487975021
 2.380317668675461 -0.7725057885193191 -0.8526953137039671
 -1.436913237582734 -0.9802191663682008 2.255330337563434
 -0.2114679231542961 2.569140289794738 -1.096104616768556
 -1.093884730572585 -1.41567548366698 1.760139914745284
 0.0940117787043202 0.9462361594298327 -1.840240304531766
 2.532117880740552 0.03618425084673516 -0.630428030636215
 -0.3271009898168254 0.2269443492136898 2.222809449210296
 -0.9348563456511415 0.2889031720933075 -2.523274009911098
 1.011040575527337 1.870555103495873 1.037411988805892
 0.9948763464664205 -1.027360056614764 0.006528802025701719
 0.5667182535174911 -0.9915300847825163 0.5206671654689519
 -0.7903002728548153 1.648435058090292 -0.1554163065761572
 -1.537648188995356 0.6608013076575967 -0.2898963381792864
 -2.309335539208901 1.149135038366613 1.478135352128153
 1.125373264219406 2.425067013087915 -0.8342823952347035
 0.6496410894880424 1.046732792433947 -2.656789917480128
 -0.584567637165084 2.053699439600952 0.8668560370487437
 -0.4230755668383738 -2.757605705126954 -0.9752871990189717
 2.516723376384455 0.5461915108948583 -0.5874828900156289
 0.03189137152491139 -2.290350048875252 -0.04245539466910409
 -1.043548657925611 1.695751116642325 -0.6620302892099369
 -1.417980619784616 0.4096090933025271 -0.7426483569430896
 -1.747600173980049 -0.8933002391180053 0.1561820788929298
 2.00239413102558 1.3375408510731 -0.8926057818859953
 0.9799536276071223 1.458936771590007 -1.570816773997124
 -1.689992924019722 -0.1767655090418739 -2.426661142777113
 -0.4380274687502278 0.7768783945677245 -1.209011772255423
 -1.533872397422406 1.326139282987564 -0.9330914524173032
 -1.57848738255215 0.3248455207939218 1.24077073388943
 -1.213978100534986 -0.07163503941820271 1.028838709387613
 -1.739493325458983 0.6250642681763932 2.22081996993644
 -2.013103961755936 -1.71090293352713 -0.5567146862627855
 -1.013109319081271 -1.325823247071188 1.313015505812251
 -0.4518070583430159 -1.799953315769296 1.672801512142243
 -2.288506860624301 0.5320507429695296 1.140248274322159
 0.08378077571907694 -1.842935979309938 2.022758660077892
 0.6993267258142539 -0.7208200392051901 1.735237052009168
 -0.2421681040366997 1.695514189497336 -2.311518872061659
 -2.067201623727714 -1.226886225785154 -1.663758745432619
 0.7378724570331447 -1.834256930198001 -2.230005470680217
 -0.8968501852717498 -1.168071848380125 0.3110161841768617
 -1.426833852037525 -1.930662036514007 -0.8995340567885272
 -0.9368215910169434 -0.2530160102744267 1.21343451146655
 -2.011306281635014 0.9836367757851388 -0.7706650436379504
 0.7322686686409561 -2.390063648335418 -1.231495878532403
 1.064878991072328 1.820016977491136 -0.5630604263927724
 -1.522163396901843 1.849912053910205 0.4796494285444706
 2.335182665618816 -1.544708024394818 -0.004507121819274151
 -2.469780270779621 0.2491554978691815 -1.607443892308321
 -0.7785556880338848 1.316107852812934 -1.540671905735201
 2.10552236523326 -1.756849910554792 1.051319796730142
 -0.8846721118570412 -0.8831241337826446 -0.5552327877480784
 -0.8899575389325461 -0.6314466872816048 -1.853821683295792
 1.566952512693937 0.4156718574812321 -0.05985934205381194
 0.7752063121655628 -2.313979686444818 -1.051724506585726
 -2.58125240361806 -0.7351323704075504 0.6701184042012118
 1.370874104712616 0.4958897099133586 -1.659297319925003
 -1.793722439363189 0.5526208772129395 1.969766191143522
 -0.2830146782887702 1.02282209513585 -2.355446194265832
 -0.4719071998574752 -1.633482777660366 1.661069217859827
 -1.603243783831711 -1.995352067280473 0.05342943385314092
 1.318310464285984 -1.659662526193689 -1.597138904686148
 1.042303228206377 -0.0295959255463133 0.5430246160291226
 0.8601643859305683 -0.7840621262799837 2.255909787498337
 0.33727594543613 -0.5656888342904643 -2.294247475813758
 -2.160329311510979 0.8414371177141076 -0.9088236839870877
 0.9772616725393364 0.898707041182542 1.51592924027724
 0.7697862862805698 0.6041950869093997 -0.3732495183091676
 0.6579041180244536 2.162869278756167 -0.1331498002217807
 -1.720496914631002 1.929708435944813 -0.9554819021951723
 -0.2977757443196173 -0.8880468664360678 2.411617398075412
 -1.212608631007143 1.826572999383772 -1.390752871989391
 1.277331175714353 -2.151511535590764 -0.3685682470656765
 -1.713940338236879 -0.6028120182824138 -0.2611874033949418
 0.7771452418175007 -1.520355422706966 0.4461337441785655
 -1.263123529587876 1.733446720486626 1.203201349654606
 1.509652948189047 0.6539624359120744 0.857864690211068
 -0.7867967230038265 -0.473697052616774 -2.047077633940971
 2.331850570253101 0.8183789960663754 -0.8630326405678298
 2.221717482047857 0.7953613692787731 -0.5986120965022189
 0.3033969311131672 0.8007930930391218 -1.981748856613585
 2.846494683452265 -0.08021317067700251 -0.8620869330276245
 1.295187933724948 -1.858436955340477 1.185258695732528
 -0.4444130497401279 -0.9654164010712557 -1.457236066868592
 0.198538519720947 -2.519862167475926 1.104378246781526
 0.210710893929865 2.889145950138107 -0.07211165892760774
 0.382224967178671 0.6274206635042292 -0.09085057756520565
 1.408041755350882 0.4081678567486118 -2.013049604358493
 0.5310860306192433 0.08824106591556902 -0.5184713743320392
 -1.555431689222163 -1.027296733560999 -1.862657360878573
 0.6229062354035708 -0.8438011003608558 -2.731620319228329
 0.5973537245013338 0.5542464924050021 -2.509484645869285
 1.19426789609966 1.632940528312719 0.6743423615318487
 1.054430011050761 1.599672830437139 0.3166108831985128
 2.660763891674246 0.1451667566850359 -0.04843535940824506
 -1.86786684247994 1.251404230436097 -1.582441084038333
 0.02397528107001845 0.2612122826000902 -0.2296480983359758
 0.08710279131882381 0.6489342535796165 -1.949029837657523
 0.2033367555446948 1.088182014139283 -1.086196271248929
 -0.1770701747787934 -1.389635395907686 1.066428931699111
 0.5456649168238497 -1.112378337590948 -0.8516071976967911
 2.124663546686509 -1.692996488861526 -0.9509662379308205
 0.3035044245153953 -1.659330060504721 0.08405119890431823
 0.1981540784870266 0.03728864119364239 -0.01572638473119514
 -0.3584354890639644 2.213680041707724 -0.9437203098420311
 -0.788959634373492 2.368928636156029 -0.6064356507812173
 -1.145995498928209 -2.146940021912412 -0.8722140912227595
 1.933578907003787 -0.4459912169749539 -2.14452957119398
 -1.825416994391 0.5047389759533265 2.281418900651055
 -1.339039503031705 -1.603486595901626 1.710775512648328
 1.613929485737084 1.054551101512289 0.7844553094453446
 1.199008327665455 -1.734481983249744 1.712897034046945
 2.692729303352154 -0.3441475244303308 -0.8203853787120402
 1.728147398609694 2.143837873976106 -1.08103033704762
 -0.1558705658716871 0.843302138478101 0.2158909621581766
 -2.391057596129185 0.8925419991038464 0.2549666929435683
 -0.328557347427303 -2.577422365651575 0.8681164257358465
 0.6343931232212749 -0.2409775010229617 0.09204954925656628
 0.9528155977037316 2.23066820364641 0.7036914320997065
 1.279669007763717 -1.821723622252811 -1.581693432748231
 1.497193166382576 -0.7595005749634974 -2.045925861467103
 0.2770639768019583 2.493235006844841 0.04827710086222536
 -0.4651641669510264 1.11443896807124 2.198467857031598
 1.393753362541101 -1.378905126698684 -1.175187643729134
 0.1799789915599013 0.7929753647182953 0.1448027021024072
 0.5842523927160899 1.605056170425783 1.801897165928158
 -2.743411745083223 0.421675781553458 -0.6512574140443154
 -1.447209287672131 -0.09500086566760879 -0.05081157760579214
 -0.9765320177000386 0.199385509111816 -2.365865078337528
