# Created by Octave 3.2.4, Wed Feb 15 20:59:45 2012 EET <andrei@andrei-xps>
# name: points_ok
# type: matrix
# rows: 76
# columns: 3
 2.239178485709254 1.732907394523346 0.7046843571791372
 0.05565495944463805 0.05163014883909778 0.8624723410229
 -2.301793416334923 -1.148721105060484 -0.364738826273538
 3.23180502632273 -1.298353353957559 0.5386764035989895
 -0.7822805041685155 -1.546921388829161 1.860024693537798
 0.9450976802019753 2.647343300935196 1.805723300768676
 0.3932212242823736 1.785311984977131 1.723326112015668
 3.357851402455828 -0.1860432670591936 1.032326267375531
 1.142107520035144 0.850265896212032 -0.5169237365510937
 1.395322090378486 0.8834086065114208 -2.031664127523766
 -0.172908536338388 -1.750442672990043 0.927269883210621
 2.023949647322441 -0.2778223907314277 2.892957627014722
 -1.292703557405041 -0.9534983043250231 -3.004474548077818
 0.1105325369653061 0.1982201515210678 -2.832386601055523
 1.554548949169265 -1.820679748762678 -2.525434246196095
 1.685725980390893 0.7014570125535737 -2.901363601221758
 -2.418288107799433 1.441195003614133 -1.861231844611006
 -1.792511357237418 -2.084138127323871 0.1017501122128728
 1.049966094994488 -0.2615959336400482 3.290890786452893
 -0.9191900109878683 -1.127775309550588 -1.769366326941672
 2.998058854774678 0.08411682018723798 -0.3406216296446769
 -0.4103804514662639 0.56307634735278 -3.442778085806979
 -1.032889227422475 0.390084149134883 0.04352138889741664
 -0.2247145957427601 -2.203244583469754 -2.542701702443148
 -1.539372454162477 -1.723315522201248 -2.98880764389557
 1.599790176166839 -0.4137002338287252 -0.141206786499819
 -1.060917289851472 1.66419078369686 -2.716333888439566
 0.299814064523642 -2.968473467630856 -0.6456953309224924
 1.501629297493571 -0.1424919091514458 -2.65252892631616
 -2.854090181843727 -0.2220160567037621 -0.5479939450702935
 1.386942983344903 -0.6896371663804595 -2.341537308784756
 2.155305164785721 -0.7230763228226667 -1.74121329266456
 2.633659572739804 -2.132866278331301 0.2215096371456742
 -1.045231961573574 2.34363929823258 0.09520092218374909
 0.3183189217729989 2.717051928840577 -1.832861031497586
 2.534375958030688 -0.1080666286768399 -3.013388240017272
 1.078630946786337 0.4424241691770581 -0.2524228008876848
 3.416518647259331 0.8396729981198678 -0.7763990176724405
 3.751172888938048 0.6362490821940225 -0.1521674207541781
 2.263862485739706 -0.2141794867963989 1.166744710045658
 -0.6536424034176878 -0.1405362333834561 -0.2506808661947422
 -1.962277153128024 -1.189516418171813 -3.255389057517971
 -3.392567016202104 -1.668490770968943 0.794487564256424
 0.4000121353384749 0.1364807067832174 -2.369308022513828
 -1.739913845550229 0.9000776995717734 3.052548779923677
 10.81890031462785 0.2126017453675177 1.051549491868454
 11.41975385259844 -0.2207819506895896 -0.4554393266739891
 9.989798110462967 0.2310136300404682 -0.6538631485945088
 9.482336847725605 -1.019837690805944 0.2742918299079506
 9.034936124854161 -0.281904065283779 0.7074922710323164
 10.88655744870737 0.3958793403796337 -0.6557766584839591
 11.26712224079161 0.3713587745474443 -0.6608370689001
 10.89263330509173 -1.3781127950139 -0.4106757089011912
 9.40322232715129 -1.176846784252596 1.482310826801819
 10.62781145961688 -0.3957629102698139 -0.3209551791268537
 10.58416114441335 0.5251282655351823 -0.5696453711494474
 10.82270924190212 0.465490404156089 -0.09624350307789498
 9.732914125307531 -0.267315064570816 1.557462566464606
 8.726548210347051 -0.5786556811702994 -1.398540696373532
 9.555740803463584 1.036883392491598 0.3755088622743505
 8.90575512078289 -0.1635208348894868 -0.8790913621501082
 9.592850571328848 0.3966678923307572 -0.7566907370047569
 11.08729439656112 -0.5170112088253889 -0.1344235923216075
 9.509087694793832 1.717493794396717 -0.3599618501452355
 9.287874062469644 -0.254535988682574 -1.588918163841678
 9.677304118115861 -1.179569152885191 -0.2622394991312682
 11.11643963752938 -0.8802721181791753 1.365139065054791
 10.68338288498276 1.109350400349699 -1.044671086160984
 10.5971809959036 0.1230170917463713 0.9719592675101354
 11.2947688959965 1.265427609315958 0.7983493003282276
 10.30213452083893 1.299734618470303 0.4761258346169583
 8.809230782583221 -1.307225381464169 -0.6499807149620611
 8.626679244694644 -0.3432999244371009 0.2584306358511648
 11.39052176040938 -0.6610668162618241 0.3125213104818458
 9.855156831818901 -0.2304161282470829 -1.647692809530359
 11.07774924049984 -1.347373416704209 0.8917657910395436
# name: centroids_ok
# type: matrix
# rows: 2
# columns: 3
 0.4428307027718929 -0.1330399821726642 -0.6377223104256351
 10.16317923601196 -0.09849874043565165 -0.06524965881604425
# name: cost_ok
# type: scalar
169.3335821038265
